unsigned int
-1
0
0
16777216
33554432
50331648
67108864
83886080
100663296
117440512
134217728
150994944
167772160
184549376
201326592
218103808
234881024
268435456
285212672
301989888
318767104
335544320
352321536
369098752
385875968
402653184
419430400
436207616
452984832
469762048
486539264
503316480
520093696
536870912
553648128
570425344
587202560
603979776
-16777216
16777215
1
2
3
4
5
6
0
0
1
2
4
8
16
32
64
128
256
512
768
0
1
1
2
3
1
2
3
4
5
6
67108865
67108866
67108868
67108872
67108880
67108896
67108928
67108992
67109120
67109376
67109632
503316481
503316482
503316484
503316488
503316496
503316512
503316544
503316608
503316736
503316992
503317248
167772161
603979777
603979778
603979779
