unsigned int
0
536870913
268435458
805306371
536870916
536870917
536870918
1879048199
805306376
268435466
1342177480
1879048394
268435757
1879048494
1879048495
268435760
1610613136
1610613137
1610613138
805306771
805306772
805306869
-1610612234
1879048695
268435960
805306873
1879048698
1879048699
1879048700
1879048701
-1879047591
-1879047492
1610613437
268436158
-1879047488
805307073
805307074
-1879047485
-1879047484
-1879047483
-1879047482
-1879047481
-1879047480
-1879047479
-1879047478
-1879047477
-1879047476
-1879047475
805307086
805307087
-1879047192
-1879047191
805307371
1879049196
-1879047187
